16.3901758009628
16.3901758009628
13.300929748137122
13.300929748137122
8.799123997157748
8.799123997157748
16.043554664991532
16.043554664991532
13.541334468085816
13.541334468085816
18.07862360314069
18.07862360314069
11.39831289110789
11.39831289110789
14.86074883096438
14.86074883096438
10.681603657051648
10.681603657051648
11.005853136787918
11.005853136787918
15.621961315516089
15.621961315516085
14.41422523745503
14.414225237455032
14.799818372668275
14.799818372668275
6.634384644101341
6.634384644101341
17.449198844297094
17.449198844297094
10.912389867517408
10.912389867517408
7.549795327909457
7.549795327909457
6.062654192867694
6.062654192867694
18.421932004807253
18.421932004807253
7.792525969947702
7.792525969947702
