1.0 0.0 
1.0 0.0 1.0 0.0 
-0.0 1.0 
0.0 1.0 0.0 1.0 
0.74256459 0.25743541 
0.74256459 0.25743541 0.74256459 0.25743541 
1.0 0.0 
1.0 0.0 1.0 0.0 
0.56901512 0.43098488 
0.56901512 0.43098488 0.56901512 0.43098488 
-0.0 1.0 
0.0 1.0 0.0 1.0 
0.0 1.0 
0.0 1.0 0.0 1.0 
1.0 0.0 
1.0 0.0 1.0 0.0 
-0.0 1.0 
0.0 1.0 0.0 1.0 
-0.0 1.0 
0.0 1.0 0.0 1.0 
0.60658459 0.39341541 
0.60658459 0.39341541 0.60658459 0.39341541 
0.19830676 0.80169324 
0.19830676 0.80169324 0.19830676 0.80169324 
1.0 0.0 
1.0 0.0 1.0 0.0 
1.0 0.0 
1.0 0.0 1.0 0.0 
1.0 0.0 
1.0 0.0 1.0 0.0 
0.0 1.0 
0.0 1.0 0.0 1.0 
0.0 1.0 
0.0 1.0 0.0 1.0 
1.0 0.0 
1.0 0.0 1.0 0.0 
1.0 0.0 
1.0 0.0 1.0 0.0 
0.0 1.0 
0.0 1.0 0.0 1.0 
