5.862869790335115
5.862869790335114
8.284651950156778
8.284651950156778
17.9120133044209
17.9120133044209
13.292566157085044
13.292566157085044
15.476472244505015
15.476472244505015
8.157156274992637
8.157156274992635
12.247915530897638
12.247915530897638
15.111838148916265
15.111838148916265
7.990859452092017
7.990859452092017
12.257251272435452
12.257251272435452
16.59258597909431
16.59258597909431
10.101908922641524
10.101908922641524
11.53373543848662
11.53373543848662
12.883127917473807
12.883127917473807
13.576203706601703
13.576203706601705
10.577033453542132
10.577033453542132
14.753966993110547
14.753966993110547
12.671215882471914
12.671215882471914
14.812271075366926
14.812271075366928
15.036696440902325
15.036696440902325
