0.25656808 0.74343192 
0.25656808 0.74343192 0.25656808 0.74343192 0.25656808 0.74343192 
1.0 0.0 
1.0 0.0 1.0 0.0 1.0 0.0 
1.0 0.0 
1.0 0.0 1.0 0.0 1.0 0.0 
1.0 0.0 
1.0 0.0 1.0 0.0 1.0 0.0 
1.0 0.0 
1.0 0.0 1.0 0.0 1.0 0.0 
0.6401184 0.3598816 
0.6401184 0.3598816 0.6401184 0.3598816 0.6401184 0.3598816 
1.0 0.0 
1.0 0.0 1.0 0.0 1.0 0.0 
-0.0 1.0 
0.0 1.0 0.0 1.0 0.0 1.0 
0.92594026 0.074059736 
0.92594026 0.074059736 0.92594026 0.074059736 0.92594026 0.074059736 
-0.0 1.0 
0.0 1.0 0.0 1.0 0.0 1.0 
-0.0 1.0 
0.0 1.0 0.0 1.0 0.0 1.0 
0.0 1.0 
0.0 1.0 0.0 1.0 0.0 1.0 
0.40791139 0.59208861 
0.40791139 0.59208861 0.40791139 0.59208861 0.40791139 0.59208861 
0.0 1.0 
0.0 1.0 0.0 1.0 0.0 1.0 
0.73370666 0.26629334 
0.73370666 0.26629334 0.73370666 0.26629334 0.73370666 0.26629334 
1.0 0.0 
1.0 0.0 1.0 0.0 1.0 0.0 
1.0 0.0 
1.0 0.0 1.0 0.0 1.0 0.0 
1.0 0.0 
1.0 0.0 1.0 0.0 1.0 0.0 
0.38486426 0.61513574 
0.38486426 0.61513574 0.38486426 0.61513574 0.38486426 0.61513574 
-0.0 1.0 
0.0 1.0 0.0 1.0 0.0 1.0 
