19.296953474307195
19.296953474307195
16.33524772987883
16.33524772987883
11.305998047457448
11.305998047457448
16.38911015998176
16.38911015998176
12.225622109999415
12.225622109999415
17.527036718097655
17.527036718097655
12.32408755315318
12.32408755315318
19.3906415837112
19.3906415837112
9.193332620563968
9.193332620563968
16.259472669721553
16.259472669721553
14.852913553175918
14.852913553175918
19.677620672349846
19.677620672349846
6.6774662694773745
6.6774662694773745
12.9460587891537
12.9460587891537
19.90920339078953
19.90920339078953
16.841597490512367
16.841597490512367
9.774922436144095
9.774922436144095
14.85312865399839
14.85312865399839
16.039647227695543
16.039647227695543
13.31242446793491
13.31242446793491
