0.0 1.0 
0.0 1.0 
1.0 0.0 
1.0 0.0 
0.46939169 0.53060831 
0.9167581 0.083241904 
0.56314565 0.43685435 
0.081658868 0.91834113 
0.58959938 0.41040062 
0.38473909 0.61526091 
0.0 1.0 
0.0 1.0 
0.69986279 0.30013721 
0.69331935 0.30668065 
-0.0 1.0 
0.0 1.0 
0.0 1.0 
1.0 0.0 
0.0 1.0 
1.0 0.0 
1.0 0.0 
1.0 0.0 
-0.0 1.0 
0.0 1.0 
1.0 0.0 
0.77714989 0.22285011 
1.0 0.0 
1.0 0.0 
0.0 1.0 
0.0 1.0 
0.89059114 0.10940886 
0.0 1.0 
1.0 0.0 
1.0 0.0 
0.0 1.0 
0.86800144 0.13199856 
1.0 0.0 
1.0 0.0 
1.0 0.0 
1.0 0.0 
