## Culprit: 
9.05,2.97 6.95,7.02 
8.35,15.07 15.93,14.59 

5.62,17.61 6.49,12.27 
17.68,2.08 9.84,4.9 

## Bit simpler: 
4.33,2.33 1.04,1.54 
4.5,1.4 4.79,2.07 

1.57,1.87 1.02,4.47 
0.86,2.09 0.26,4.77 

objective vals: 
MultipleLP: 3.9126466452329103
DOBSS: 3.7614364809437975

probabilities: 
-0.0 1.0
0.4597283 0.54027157 1.0 0.0 

################
1.76,4.13 0.96,2.77 
0.66,3.3 0.83,3.74 

4.75,3.89 2.01,3.08 
0.26,0.63 2.09,1.47

# TRYY
1.22,2.54 3.83,0.56 
3.34,2.09 0.54,1.09 

1.9,0.34 4.93,2.48 
3.35,0.57 0.87,2.12 

0.47742417078005894 0.5225758292199411

################## new
probabilities:
1.0 0.0 
0.97799416 0.022005842 0.97799416 0.022005842 

objective vals:
4.985900064394146
4.492388584906134

Reward matrices: 
1.38,4.44 4.94,4.5 
2.85,4.29 2.92,1.77 

0.16,0.37 4.99,1.75 
2.38,0.71 2.59,4.9 

follower attacking probabilities: 
0.12700045299440124 0.8729995470055988
