10.67,7.71 2.9,9.77 10.88,5.37 
19.38,10.0 0.92,10.94 3.42,6.78 
18.79,1.31 5.98,5.76 6.72,1.39 
8.99,11.94 15.75,6.0 18.7,10.28 

5.53,6.49 2.22,10.24 12.18,2.71 
16.55,5.81 10.78,14.52 0.53,19.08 
18.25,0.84 12.14,7.57 10.28,11.96 
9.54,7.33 16.49,5.62 0.48,3.07 

7.92,18.06 3.89,16.31 19.7,0.13 
17.93,1.09 14.95,5.94 9.58,2.82 
5.96,17.79 15.57,19.47 12.45,4.55 
7.0,9.34 9.18,5.48 12.96,0.42 

12.83,10.58 7.81,1.41 14.56,2.51 
0.55,4.71 0.66,3.92 6.08,19.18 
11.02,12.59 8.11,9.38 11.53,16.37 
14.68,16.32 15.79,9.07 17.9,5.39 

